CP10S: 0.026201818969250758 0.0007362494586401029
CP10R: 0.0019922044174967516 4.3308791684712076e-05
CP10P: 0.026981377219575574 0.0
CP100S: 0.014408834993503681 6.4963187527068e-05
CP100R: 0.001689042875703768 0.00014291901255954957
CP100P: 0.01470983109571243 2.8150714595062167e-05
CDCGS: 0.8659524152108873 6.836468066256929e-05
CDCGR: 0.6398879515060711 0.00041526845750616825
CDCGP: 0.8895983059609496 3.7218096058388994e-06
NDCG10R: 0.0016483522507616875 0.0009826508889020352
NDCG10S: 0.18446169398167206 0.001725432067914548
NDCG10P: 0.22337585931836076 0.0
Recall10R: 0.0007441178697992208 0.0003842735751262081
Recall10S: 0.10521177139390976 0.00034822794805784707
Recall10P: 0.12093049492882083 0.0
Precision10R: 0.0010827197921178 0.000389779125162408
Precision10S: 0.15411433521004764 0.0004980511043741892
Precision10P: 0.17622347336509311 0.0
--------------------------------
