NDCG10R: 0.001579120006336428 0.0003473171803299118
NDCG10S: 0.15774614239857881 0.0015793170797760714
NDCG10P: 0.23833692248083357 0.0
Recall10R: 0.0008405847543983847 0.00019514085579147458
Recall10S: 0.09671560173712984 0.0013483795791618194
Recall10P: 0.12021073271267747 0.0
Precision10R: 0.001342572542226072 0.000259852750108272
Precision10S: 0.15292334343871808 0.0015158077089649225
Precision10P: 0.1909917713295799 0.0
CP10S: 0.05543525335643136 0.0003464703334776949
CP10R: 0.0013209181463837158 0.000454742312689476
CP10P: 0.03300129926375054 0.0
CP100S: 0.017126461671719356 9.311390212213104e-05
CP100R: 0.0014356864443482026 0.00010610653962754449
CP100P: 0.015080121264616718 0.0
CDCGS: 0.966439198867417 0.007580124431662449
CDCGR: 0.6333642139439897 0.005484200755002222
CDCGP: 0.9198212407994533 2.1876572888657186e-05
--------------------------------
