CP10: 0.05980944131658727 0.0
CP100: 0.018471199653529665 0.0
CDCG: 1.0020731135193972 0.0
NDCG10R: 0.0009491558100614069 0.0
NDCG10S: 0.16391194527443614 0.0
NDCG10P: 0.00012927242757763342 0.0
Recall10R: 0.0005461121204896017 0.0
Recall10S: 0.09799142715844693 1.3877787807814457e-17
Recall10P: 5.774505557961599e-05 0.0
Precision10R: 0.000952793417063664 0.0
Precision10S: 0.1555218709398008 0.0
Precision10P: 8.6617583369424e-05 0.0
