CP10S: 0.02415186949617439 0.0011676430058548402
CP10R: 0.00245416486213368 0.0007956987890585054
CP10P: 0.02698137721957557 3.469446951953614e-18
CP100S: 0.01401039411000433 0.00016277807787301772
CP100R: 0.003303017179154035 0.0011127035442831858
CP100P: 0.014746643568644436 2.5499526104599167e-05
CDCGS: 0.8635835824841562 0.0031574803708461956
CDCGR: 0.671468119581018 0.015427670741437463
CDCGP: 0.889501959771199 8.693975675789187e-05
NDCG10R: 0.0017142418934142456 0.0010222041138206778
NDCG10S: 0.16935607686897117 0.006655543970970248
NDCG10P: 0.22337585931836076 0.0
Recall10R: 0.0012914074187535425 0.0007895009923241205
Recall10S: 0.09845409802962907 0.0019385428214681746
Recall10P: 0.12093049492882084 1.3877787807814457e-17
Precision10R: 0.0019922044174967516 0.0012022903313790682
Precision10S: 0.14462249169914823 0.00304280007647549
Precision10P: 0.17622347336509311 0.0
--------------------------------
