Initial:
CP10S: 0.02823733217843222 0.0
CP10R: 0.0015158077089649198 0.0
CP10P: 0.029320051970550022 0.0
CP10PP: 0.031485491554785625 0.0
CP100S: 0.014309224772628843 0.0
CP100R: 0.0019488956258120397 0.0
CP100P: 0.015604157644001733 0.0
CP100PP: 0.016405370290168905 0.0
CDCGS: 0.8922679803633994 0.0
CDCGR: 0.6726047336674335 0.0
CDCGP: 0.925039086044342 0.0
CDCGPP: 0.9391731604315675 0.0
NDCG10R: 0.0015453028293689088 0.0
NDCG10S: 0.18258382344313312 0.0
NDCG10P: 0.22232685171065614 0.0
NDCG10PP: 0.2476328363638052 0.0
Recall10R: 0.0010441653636143653 0.0
Recall10S: 0.1036056904616712 0.0
Recall10P: 0.12015680671553593 0.0
Recall10PP: 0.13938486569250047 0.0
Precision10R: 0.0015158077089649198 0.0
Precision10S: 0.1524036379385015 0.0
Precision10P: 0.1755305326981377 0.0
Precision10PP: 0.20476396708531833 0.0
Kendall Tau: 0.1157
Spearman Rho: 0.1221
Average Rank Position Difference: 432.0374
--------------------------------
(u*(i+freq)):
CP10S: 0.01238631442182763 0.0
CP10R: 0.0015158077089649198 0.0
CP10P: 0.029320051970550022 0.0
CP10PP: 0.031485491554785625 0.0
CP100S: 0.00992637505413599 0.0
CP100R: 0.0019488956258120397 0.0
CP100P: 0.015573841489822434 0.0
CP100PP: 0.016405370290168905 0.0
CDCGS: 0.7953588464890734 0.0
CDCGR: 0.6707461106622448 0.0
CDCGP: 0.9248201714400215 0.0
CDCGPP: 0.9391661474980164 0.0
NDCG10R: 0.0015453028293689088 0.0
NDCG10S: 0.07474336739510354 0.0
NDCG10P: 0.22232685171065614 0.0
NDCG10PP: 0.24762672050840573 0.0
Recall10R: 0.0010441653636143653 0.0
Recall10S: 0.04577912806011465 0.0
Recall10P: 0.12015680671553593 0.0
Recall10PP: 0.1394220163576286 0.0
Precision10R: 0.0015158077089649198 0.0
Precision10S: 0.06582936336076224 0.0
Precision10P: 0.1755305326981377 0.0
Precision10PP: 0.20476396708531833 0.0
Kendall Tau: 0.1712
Spearman Rho: 0.2071
Average Rank Position Difference: 397.3046
--------------------------------
(u*i + freq):
CP10S: 0.03126894759636206 0.0
CP10R: 0.0015158077089649198 0.0
CP10P: 0.029320051970550022 0.0
CP10PP: 0.031485491554785625 0.0
CP100S: 0.01624512776093547 0.0
CP100R: 0.0019488956258120397 0.0
CP100P: 0.015565179731485492 0.0
CP100PP: 0.016405370290168905 0.0
CDCGS: 0.9264917898208619 0.0
CDCGR: 0.6728194831680907 0.0
CDCGP: 0.9252243035112356 0.0
CDCGPP: 0.9391851781773025 0.0
NDCG10R: 0.0015453028293689088 0.0
NDCG10S: 0.24107759592689001 0.0
NDCG10P: 0.22232685171065614 0.0
NDCG10PP: 0.24773444943207273 0.0
Recall10R: 0.0010441653636143653 0.0
Recall10S: 0.13402712658685081 0.0
Recall10P: 0.12015680671553593 0.0
Recall10PP: 0.13950363677272673 0.0
Precision10R: 0.0015158077089649198 0.0
Precision10S: 0.19848419229103512 0.0
Precision10P: 0.1755305326981377 0.0
Precision10PP: 0.20489389346037246 0.0
Kendall Tau: 0.1054
Spearman Rho: 0.1083
Average Rank Position Difference: 437.3525
--------------------------------
((u*freq) + i):
CP10S: 0.01238631442182763 0.0
CP10R: 0.0015158077089649198 0.0
CP10P: 0.029320051970550022 0.0
CP10PP: 0.03170203551320918 0.0
CP100S: 0.010389779125162408 0.0
CP100R: 0.0019488956258120397 0.0
CP100P: 0.01545257687310524 0.0
CP100PP: 0.016418362927674318 0.0
CDCGS: 0.7947534963007936 0.0
CDCGR: 0.671291056673622 0.0
CDCGP: 0.9249994785394512 0.0
CDCGPP: 0.9392515494116083 0.0
NDCG10R: 0.0015453028293689088 0.0
NDCG10S: 0.06034028796824754 0.0
NDCG10P: 0.22232685171065614 0.0
NDCG10PP: 0.24766260790019948 0.0
Recall10R: 0.0010441653636143653 0.0
Recall10S: 0.03487473927501396 0.0
Recall10P: 0.12015680671553593 0.0
Recall10PP: 0.13942095635223772 0.0
Precision10R: 0.0015158077089649198 0.0
Precision10S: 0.05292334343871805 0.0
Precision10P: 0.1755305326981377 0.0
Precision10PP: 0.204807275877003 0.0
Kendall Tau: 0.1465
Spearman Rho: 0.1701
Average Rank Position Difference: 413.5466
--------------------------------
