CP10: 0.06110870506712863 0.0
CP100: 0.017856214811606756 0.0
CDCG: 0.993833992798197 0.0
NDCG10R: 0.008776654527384907 0.0
NDCG10S: 0.1709607677258856 0.0
NDCG10P: 0.23833692248083357 0.0
Recall10R: 0.005108726941194152 0.0
Recall10S: 0.100654353749764 0.0
Recall10P: 0.12021073271267747 0.0
Precision10R: 0.008878302295365958 0.0
Precision10S: 0.1606756171502815 0.0
Precision10P: 0.1909917713295799 0.0
--------------------------------
CP10: 0.05915980944131658 0.000765802639519262
CP100: 0.017934170636639237 0.00011955109347632909
CDCG: 0.9971304944050754 0.005454295966176689
NDCG10R: 0.008787102574713239 9.418919993282534e-05
NDCG10S: 0.17287353166040795 0.0021705636983922233
NDCG10P: 0.23833692248083357 0.0
Recall10R: 0.005072622393757137 7.019448492161065e-05
Recall10S: 0.10075822041233164 0.0007781867376963476
Recall10P: 0.12021073271267747 0.0
Precision10R: 0.008878302295365958 9.355768295665989e-05
Precision10S: 0.16112314133102354 0.001109434159482646
Precision10P: 0.1909917713295799 0.0
--------------------------------
