CP10: 0.006106539627544392 0.001216249878436584
CP100: 0.0048809008228670415 0.00023458817780772377
CDCG: 0.7030469361916175 0.0058954338705061405
