CP10: 0.006106539627544392 0.001216249878436584
CP100: 0.0048809008228670415 0.00023458817780772377
CDCG: 0.7030469361916175 0.0058954338705061405
CP10: 0.05980944131658727 0.0
CP100: 0.018471199653529665 0.0
CDCG: 1.0020731135193972 0.0
CP10: 0.05980944131658727 0.0
CP100: 0.018471199653529665 0.0
CDCG: 1.0020731135193972 0.0
CP10: 0.05980944131658727 0.0
CP100: 0.018471199653529665 0.0
CDCG: 1.0020731135193972 0.0
NDCG10R: 0.010285288520475548 0.0
NDCG10S: 0.16391194527443614 0.0
NDCG10P: 0.23833692248083357 0.0
Recall10R: 0.006660500524263142 0.0
Recall10S: 0.09799142715844691 0.0
Recall10P: 0.12021073271267747 0.0
Precision10R: 0.010437418796015592 0.0
Precision10S: 0.1555218709398008 0.0
Precision10P: 0.1909917713295799 0.0
CP10S: 0.05980944131658727 0.0
CP10R: 0.0042875703767864875 0.0
CP10P: 0.03300129926375054 0.0
CP100S: 0.018471199653529665 0.0
CP100R: 0.003819835426591598 0.0
CP100P: 0.015080121264616718 0.0
CDCGS: 1.0020731135193972 0.0
CDCGR: 0.6812806151371065 0.0
CDCGP: 0.9198453096210252 0.0
