NDCG10R: 0.05370194671504004 0.0
NDCG10S: 0.6307000102677361 0.0
NDCG10P: 0.47170272396669644 0.0
Recall10R: 0.0054193181965305065 0.0
Recall10S: 0.07607199986771858 0.0
Recall10P: 0.05352410253881319 0.0
Precision10R: 0.05630965005302227 0.0
Precision10S: 0.6197242841993639 0.0
Precision10P: 0.45768822905620365 0.0
CP10S: -0.43817603393425236 0.0
CP10R: 0.055885471898197245 0.0
CP10P: -0.2704135737009544 0.0
CP100S: -0.19425238600212089 0.0
CP100R: 0.06317073170731707 0.0
CP100P: -0.08 0.0
CDCGS: 10.308059238156293 0.0
CDCGR: 14.222956137590966 0.0
CDCGP: 11.957813914086655 0.0
NDCG10R: 0.05370194671504004 0.0
NDCG10S: 0.6307000102677361 0.0
NDCG10P: 0.47170272396669644 0.0
Recall10R: 0.0054193181965305065 0.0
Recall10S: 0.07607199986771858 0.0
Recall10P: 0.05352410253881319 0.0
Precision10R: 0.05630965005302227 0.0
Precision10S: 0.6197242841993639 0.0
Precision10P: 0.45768822905620365 0.0
CP10S: -0.43817603393425236 0.0
CP10R: 0.055885471898197245 0.0
CP10P: -0.2704135737009544 0.0
CP100S: -0.19425238600212089 0.0
CP100R: 0.06317073170731707 0.0
CP100P: -0.08 0.0
CDCGS: 10.308059238156293 0.0
CDCGR: 14.222956137590966 0.0
CDCGP: 11.957813914086655 0.0
