Initial:
CP10S: 0.054395842355998265 0.0
CP10R: 0.002555218709398008 0.0
CP10P: 0.02754439151147683 0.0
CP10PP: 0.13819835426591598 0.0
CP100S: 0.01699436985708099 0.0
CP100R: 0.001650064963187527 0.0
CP100P: 0.01562581203984409 0.0
CP100PP: 0.03889129493287137 0.0
CDCGS: 0.9510262967107045 0.0
CDCGR: 0.6272245430031574 0.0
CDCGP: 0.8646587465742347 0.0
CDCGPP: 1.4683612063670717 0.0
NDCG10R: 0.0037549629456198382 0.0
NDCG10S: 0.17306343099883992 0.0
NDCG10P: 0.2315952160285774 0.0
NDCG10PP: 0.3427548388704623 0.0
Recall10R: 0.001764800488993307 0.0
Recall10S: 0.10116847092911403 0.0
Recall10P: 0.11504174819635261 0.0
Recall10PP: 0.18236238422583986 0.0
Precision10R: 0.003161541792983976 0.0
Precision10S: 0.16279774794283242 0.0
Precision10P: 0.1869640537029017 0.0
Precision10PP: 0.29337375487223905 0.0
Kendall Tau: 0.1266
Spearman Rho: 0.1452
Average Rank Position Difference: 428.8331
--------------------------------
(u*(i+freq)):
CP10S: 0.04313555651797315 0.0
CP10R: 0.002555218709398008 0.0
CP10P: 0.02754439151147683 0.0
CP10PP: 0.13819835426591598 0.0
CP100S: 0.014101342572542227 0.0
CP100R: 0.001650064963187527 0.0
CP100P: 0.015534863577306194 0.0
CP100PP: 0.03889129493287137 0.0
CDCGS: 0.8855324885458697 0.0
CDCGR: 0.6261971848069992 0.0
CDCGP: 0.8641290909716437 0.0
CDCGPP: 1.468362522671955 0.0
NDCG10R: 0.0037549629456198382 0.0
NDCG10S: 0.14607060905149422 0.0
NDCG10P: 0.23159282210403703 0.0
NDCG10PP: 0.34275109395429 0.0
Recall10R: 0.001764800488993307 0.0
Recall10S: 0.08005583785359575 0.0
Recall10P: 0.11504174819635261 0.0
Recall10PP: 0.182382070040242 0.0
Precision10R: 0.003161541792983976 0.0
Precision10S: 0.12836725855348635 0.0
Precision10P: 0.1869640537029017 0.0
Precision10PP: 0.2934170636639238 0.0
Kendall Tau: 0.1419
Spearman Rho: 0.1697
Average Rank Position Difference: 418.0382
--------------------------------
(u*i + freq):
CP10S: 0.09865742745777392 0.0
CP10R: 0.002555218709398008 0.0
CP10P: 0.02754439151147683 0.0
CP10PP: 0.13819835426591598 0.0
CP100S: 0.02834127327847553 0.0
CP100R: 0.001650064963187527 0.0
CP100P: 0.015725422260718925 0.0
CP100PP: 0.03889129493287137 0.0
CDCGS: 1.244505717483212 0.0
CDCGR: 0.6280580740233107 0.0
CDCGP: 0.8654002474520665 0.0
CDCGPP: 1.4683889324341513 0.0
NDCG10R: 0.0037549629456198382 0.0
NDCG10S: 0.2928585225408098 0.0
NDCG10P: 0.231593888770672 0.0
NDCG10PP: 0.3428291385215554 0.0
Recall10R: 0.001764800488993307 0.0
Recall10S: 0.1506132614046429 0.0
Recall10P: 0.11504174819635261 0.0
Recall10PP: 0.18240754580005655 0.0
Precision10R: 0.003161541792983976 0.0
Precision10S: 0.24647033347769604 0.0
Precision10P: 0.1869640537029017 0.0
Precision10PP: 0.2934603724556085 0.0
Kendall Tau: 0.1197
Spearman Rho: 0.1348
Average Rank Position Difference: 432.5356
--------------------------------
((u+freq) * i):
CP10S: 0.07462104807275877 0.0
CP10R: 0.002555218709398008 0.0
CP10P: 0.02754439151147683 0.0
CP10PP: 0.13811173668254656 0.0
CP100S: 0.016262451277609356 0.0
CP100R: 0.001650064963187527 0.0
CP100P: 0.015534863577306194 0.0
CP100PP: 0.038925941966219145 0.0
CDCGS: 1.0310591111960365 0.0
CDCGR: 0.6262157203995546 0.0
CDCGP: 0.8644235871952134 0.0
CDCGPP: 1.4685636372568478 0.0
NDCG10R: 0.0037549629456198382 0.0
NDCG10S: 0.17725747292502606 0.0
NDCG10P: 0.23161388117484297 0.0
NDCG10PP: 0.34273352312677235 0.0
Recall10R: 0.001764800488993307 0.0
Recall10S: 0.09320862624994747 0.0
Recall10P: 0.11504174819635261 0.0
Recall10PP: 0.18240097467153296 0.0
Precision10R: 0.003161541792983976 0.0
Precision10S: 0.15357297531398875 0.0
Precision10P: 0.1869640537029017 0.0
Precision10PP: 0.2934170636639238 0.0
Kendall Tau: 0.1488
Spearman Rho: 0.1794
Average Rank Position Difference: 414.1422
--------------------------------
