CP10S: 0.02823733217843222 0.0
CP10R: 0.0015158077089649198 0.0
CP10P: 0.029320051970550022 0.0
CP10PP: 0.031485491554785625 0.0
CP100S: 0.014309224772628843 0.0
CP100R: 0.0019488956258120397 0.0
CP100P: 0.015604157644001733 0.0
CP100PP: 0.016405370290168905 0.0
CDCGS: 0.8922679803633994 0.0
CDCGR: 0.6726047336674335 0.0
CDCGP: 0.925039086044342 0.0
CDCGPP: 0.9391731604315675 0.0
NDCG10R: 0.0015453028293689088 0.0
NDCG10S: 0.18258382344313312 0.0
NDCG10P: 0.22232685171065614 0.0
NDCG10PP: 0.2476328363638052 0.0
Recall10R: 0.0010441653636143653 0.0
Recall10S: 0.1036056904616712 0.0
Recall10P: 0.12015680671553593 0.0
Recall10PP: 0.13938486569250047 0.0
Precision10R: 0.0015158077089649198 0.0
Precision10S: 0.1524036379385015 0.0
Precision10P: 0.1755305326981377 0.0
Precision10PP: 0.20476396708531833 0.0
--------------------------------
