Models used: Propcare -  mod , Recommender -  orig
CP10S: -0.359915164369035 0.0
CP10R: 0.0012725344644750796 0.0
CP10P: -0.2704135737009544 0.0
CP100S: -0.13167550371155887 0.0
CP100R: 0.06845174973488866 0.0
CP100P: -0.08 0.0
CDCGS: 11.09060789849965 0.0
CDCGR: 13.917880979598786 0.0
CDCGP: 11.959716814506338 0.0
NDCG10S: 0.5555294030533927 0.0
NDCG10R: 0.10007432309471677 0.0
NDCG10P: 0.47170272396669644 0.0
Recall10S: 0.06531743856085376 0.0
Recall10R: 0.00828170909332473 0.0
Recall10P: 0.05352410253881319 0.0
Precision10S: 0.5422057264050901 0.0
Precision10R: 0.0990455991516437 0.0
Precision10P: 0.45768822905620365 0.0
--------------------------------
Models used: Propcare -  mod , Recommender -  orig
CP10S: -0.3885471898197243 0.0
CP10R: -0.00784729586426299 0.0
CP10P: -0.2704135737009544 0.0
CP100S: -0.16225874867444326 0.0
CP100R: 0.06845174973488866 0.0
CP100P: -0.08 0.0
CDCGS: 10.765843318994946 0.0
CDCGR: 13.887179117034167 0.0
CDCGP: 11.959238180432118 0.0
NDCG10S: 0.5914708382129573 0.0
NDCG10R: 0.09640657327023672 0.0
NDCG10P: 0.47170272396669644 0.0
Recall10S: 0.06996338893302867 0.0
Recall10R: 0.007910198499604166 0.0
Recall10P: 0.05352410253881319 0.0
Precision10S: 0.5791092258748675 0.0
Precision10R: 0.09650053022269353 0.0
Precision10P: 0.45768822905620365 0.0
--------------------------------
Models used: Propcare -  mod , Recommender -  orig
CP10S: 0.03149522799575822 0.0
CP10R: 0.05143160127253447 0.0
CP10P: -0.2704135737009544 0.0
CP100S: 0.0383457051961824 0.0
CP100R: 0.06845174973488866 0.0
CP100P: -0.08 0.0
CDCGS: 13.767786052546278 0.0
CDCGR: 14.225321865284254 0.0
CDCGP: 11.961357089978346 0.0
NDCG10S: 0.12053263777700281 0.0
NDCG10R: 0.09789677688998123 0.0
NDCG10P: 0.47170272396669644 0.0
Recall10S: 0.008020667144572316 0.0
Recall10R: 0.008077844974770853 0.0
Recall10P: 0.05352410253881319 0.0
Precision10S: 0.12036055143160128 0.0
Precision10R: 0.09777306468716862 0.0
Precision10P: 0.45768822905620365 0.0
--------------------------------
Models used: Propcare -  mod , Recommender -  orig
CP10S: -0.28282078472958644 0.0
CP10R: 0.010922587486744432 0.0
CP10P: -0.2704135737009544 0.0
CP100S: -0.09284199363732767 0.0
CP100R: 0.06845174973488866 0.0
CP100P: -0.08 0.0
CDCGS: 11.642524462767268 0.0
CDCGR: 14.000688893998383 0.0
CDCGP: 11.960839454510818 0.0
NDCG10S: 0.507015190129895 0.0
NDCG10R: 0.09752908346823076 0.0
NDCG10P: 0.47170272396669644 0.0
Recall10S: 0.053684658364564805 0.0
Recall10R: 0.008509980750432949 0.0
Recall10P: 0.05352410253881319 0.0
Precision10S: 0.48525980911983035 0.0
Precision10R: 0.0983032873806999 0.0
Precision10P: 0.45768822905620365 0.0
--------------------------------
Models used: Propcare -  mod , Recommender -  orig
CP10S: 0.07720042417815483 0.0
CP10R: 0.07380699893955461 0.0
CP10P: -0.2704135737009544 0.0
CP100S: 0.07324496288441146 0.0
CP100R: 0.06845174973488866 0.0
CP100P: -0.08 0.0
CDCGS: 14.339636266591809 0.0
CDCGR: 14.30019638040959 0.0
CDCGP: 11.961685095359423 0.0
NDCG10S: 0.06343989528509617 0.0
NDCG10R: 0.10165305197151635 0.0
NDCG10P: 0.47170272396669644 0.0
Recall10S: 0.005440754751305885 0.0
Recall10R: 0.008696212354942964 0.0
Recall10P: 0.05352410253881319 0.0
Precision10S: 0.06394485683987275 0.0
Precision10R: 0.10190880169671263 0.0
Precision10P: 0.45768822905620365 0.0
--------------------------------
