CP10S: 0.054395842355998265 0.0
CP10R: 0.002555218709398008 0.0
CP10P: 0.02754439151147683 0.0
CP10PP: 0.13819835426591598 0.0
CP100S: 0.01699436985708099 0.0
CP100R: 0.001650064963187527 0.0
CP100P: 0.01562581203984409 0.0
CP100PP: 0.03889129493287137 0.0
CDCGS: 0.9510262967107045 0.0
CDCGR: 0.6272245430031574 0.0
CDCGP: 0.8646587465742347 0.0
CDCGPP: 1.4683612063670717 0.0
NDCG10R: 0.0037549629456198382 0.0
NDCG10S: 0.17306343099883992 0.0
NDCG10P: 0.2315952160285774 0.0
NDCG10PP: 0.3427548388704623 0.0
Recall10R: 0.001764800488993307 0.0
Recall10S: 0.10116847092911403 0.0
Recall10P: 0.11504174819635261 0.0
Recall10PP: 0.18236238422583986 0.0
Precision10R: 0.003161541792983976 0.0
Precision10S: 0.16279774794283242 0.0
Precision10P: 0.1869640537029017 0.0
Precision10PP: 0.29337375487223905 0.0
--------------------------------
