Models used: Propcare -  orig , Recommender -  orig
CP10S: 0.058856647899523606 0.0
CP10SF: 0.09623213512343005 0.0
CP10SFI: 0.027154612386314423 0.0
CP10SFU: 0.0769164140320485 0.0
CP10R: 0.001472498917280208 0.0
CP10P: 0.02754439151147683 0.0
CP10PP: 0.13871805976613252 0.0
CP100S: 0.017020355132091814 0.0
CP100SF: 0.027444781290601992 0.0
CP100SFI: 0.010077955825032481 0.0
CP100SFU: 0.013443048938934605 0.0
CP100R: 0.0017236899090515374 0.0
CP100P: 0.0156691208315288 0.0
CP100PP: 0.039159809441316584 0.0
CDCGS: 0.955723546375473 0.0
CDCGSF: 1.2379799135887257 0.0
CDCGSFI: 0.7889169064283541 0.0
CDCGSFU: 1.0332447381349252 0.0
CDCGR: 0.6095765295814969 0.0
CDCGP: 0.8646354182564905 0.0
CDCGPP: 1.4728629349643174 0.0
NDCG10S: 0.18298763705027646 0.0
NDCG10SF: 0.2929184683151599 0.0
NDCG10SFI: 0.11359868775546521 0.0
NDCG10SFU: 0.1581671818574996 0.0
NDCG10R: 0.0016192310380039236 0.0
NDCG10P: 0.23161053515464608 0.0
NDCG10PP: 0.343077646850221 0.0
Recall10S: 0.10682612553514659 0.0
Recall10SF: 0.15062854584948007 0.0
Recall10SFI: 0.060806414721511624 0.0
Recall10SFU: 0.07917918976653728 0.0
Recall10R: 0.0009401421921676555 0.0
Recall10P: 0.11504174819635261 0.0
Recall10PP: 0.18262483804967083 0.0
Precision10S: 0.1714595062797748 0.0
Precision10SF: 0.24677349501948895 0.0
Precision10SFI: 0.09969683845820701 0.0
Precision10SFU: 0.1310957124296232 0.0
Precision10R: 0.001472498917280208 0.0
Precision10P: 0.1869640537029017 0.0
Precision10PP: 0.2937202252057167 0.0
--------------------------------
Models used: Propcare -  orig , Recommender -  orig
CP10S: 0.058856647899523606 0.0
CP10SF: 0.09623213512343005 0.0
CP10SFI: 0.027154612386314423 0.0
CP10SFU: 0.0769164140320485 0.0
CP10R: 0.001472498917280208 0.0
CP10P: 0.02754439151147683 0.0
CP10PP: 0.13871805976613252 0.0
CP100S: 0.017020355132091814 0.0
CP100SF: 0.027444781290601992 0.0
CP100SFI: 0.010077955825032481 0.0
CP100SFU: 0.013443048938934605 0.0
CP100R: 0.0017236899090515374 0.0
CP100P: 0.0156691208315288 0.0
CP100PP: 0.039159809441316584 0.0
CDCGS: 0.955723546375473 0.0
CDCGSF: 1.2379799135887257 0.0
CDCGSFI: 0.7889169064283541 0.0
CDCGSFU: 1.0332447381349252 0.0
CDCGR: 0.6095765295814969 0.0
CDCGP: 0.8646354182564905 0.0
CDCGPP: 1.4728629349643174 0.0
NDCG10S: 0.18298763705027646 0.0
NDCG10SF: 0.2929184683151599 0.0
NDCG10SFI: 0.11359868775546521 0.0
NDCG10SFU: 0.1581671818574996 0.0
NDCG10R: 0.0016192310380039236 0.0
NDCG10P: 0.23161053515464608 0.0
NDCG10PP: 0.343077646850221 0.0
Recall10S: 0.10682612553514659 0.0
Recall10SF: 0.15062854584948007 0.0
Recall10SFI: 0.060806414721511624 0.0
Recall10SFU: 0.07917918976653728 0.0
Recall10R: 0.0009401421921676555 0.0
Recall10P: 0.11504174819635261 0.0
Recall10PP: 0.18262483804967083 0.0
Precision10S: 0.1714595062797748 0.0
Precision10SF: 0.24677349501948895 0.0
Precision10SFI: 0.09969683845820701 0.0
Precision10SFU: 0.1310957124296232 0.0
Precision10R: 0.001472498917280208 0.0
Precision10P: 0.1869640537029017 0.0
Precision10PP: 0.2937202252057167 0.0
--------------------------------
